function [numbers,targets] = learnData()
%%
%  [NUMBERS, TARGETS] = LEARN_DATA()
%  Returns:
%    NUMBERS - macierz 35x10 zawieraj¹ca bitmapy 7x5 reprezentuj¹ce wszystkie 10 cyfr.
%    TARGETS  - macierz 10x10 zawieraj¹ca poprawne odpowiedzi dla sieci.

% Marek Cabaj & Kamil Król
% 03-04-2012


%% DEFINICJA 10 LICZB
% Tworzenie 10 wektorów opisuj¹cych konkretne cyfry

number0 = [1 1 1 1 1 ...
            1 0 0 0 1 ...
            1 0 0 0 1 ...
            1 0 0 0 1 ...
            1 0 0 0 1 ...
            1 0 0 0 1 ...
            1 1 1 1 1 ]';
     
number1 = [0 0 0 0 1 ...
            0 0 0 1 1 ...
            0 0 1 0 1 ...
            0 0 0 0 1 ...
            0 0 0 0 1 ...
            0 0 0 0 1 ...
            0 0 0 0 1 ]';
        
number2 = [1 1 1 1 1 ...
            0 0 0 0 1 ...
            0 0 0 0 1 ...
            1 1 1 1 1 ...
            1 0 0 0 0 ...
            1 0 0 0 0 ...
            1 1 1 1 1 ]';
        
number3 = [1 1 1 1 1 ...
            0 0 0 0 1 ...
            0 0 0 0 1 ...
            1 1 1 1 1 ...
            0 0 0 0 1 ...
            0 0 0 0 1 ...
            1 1 1 1 1 ]';
     
number4 = [1 0 0 0 1 ...
            1 0 0 0 1 ...
            1 0 0 0 1 ...
            1 1 1 1 1 ...
            0 0 0 0 1 ...
            0 0 0 0 1 ...
            0 0 0 0 1 ]';
        
number5 = [1 1 1 1 1 ...
            1 0 0 0 0 ...
            1 0 0 0 0 ...
            1 1 1 1 1 ...
            0 0 0 0 1 ...
            0 0 0 0 1 ...
            1 1 1 1 1 ]';
        
number6 = [1 1 1 1 1 ...
            1 0 0 0 0 ...
            1 0 0 0 0 ...
            1 1 1 1 1 ...
            1 0 0 0 1 ...
            1 0 0 0 1 ...
            1 1 1 1 1 ]';
     
number7 = [1 1 1 1 1 ...
            0 0 0 0 1 ...
            0 0 0 0 1 ...
            0 0 0 0 1 ...
            0 0 0 0 1 ...
            0 0 0 0 1 ...
            0 0 0 0 1 ]';
        
number8 = [1 1 1 1 1 ...
            1 0 0 0 1 ...
            1 0 0 0 1 ...
            1 1 1 1 1 ...
            1 0 0 0 1 ...
            1 0 0 0 1 ...
            1 1 1 1 1 ]';
        
number9 = [1 1 1 1 1 ...
            1 0 0 0 1 ...
            1 0 0 0 1 ...
            1 1 1 1 1 ...
            0 0 0 0 1 ...
            0 0 0 0 1 ...
            1 1 1 1 1 ]';
 
%% TWORZENIE MACIERZY
        
numbers = [number0, number1, number2, number3, number4, number5, number6, number7, number8, number9,]; % Creating 10-numbers matrix

targets = eye(10);   % Tworzenie macierzy jednostkowej 10x10

end

